Greedo 4,0 4,7.5 7,7.5 7,3 9,0 7,0 4,0
Jill 1,0 0,1 -1,0 1,0
Tom 4,4 4,0 0,0 0,4 4,4
Becky 0,0 1,1 3,2 3,3 1,4 0,5 -1,5 -2,4 -3,3 -4,2 -3,2 -2,2 -2,1 1,1 1,0 0,0
Jim Bean 0.0,0.0 1.0,0.0 1.0,1.0 0.0,1.0 0.0,0.0
Jack Daniel 0.0,0.0 1.0,0.0 1.0,1.0 0.0,1.0 0.0,0.0
Johnnie Walker 0.0,0.0 1.0,0.0 1.0,1.0 0.0,1.0 0.0,0.0
Jameson 0.0,0.0 1.0,0.0 1.0,1.0 0.0,1.0 0.0,0.0
Morgan 4,6 8,9 8,6 4,6
Jerry 3,5 7,8 7,5 3,5
Jose Cuervo 10,5 5,8 7,14 13,14 15,8 10,5
Kelly Joel Sewell 10,7 7,9 8,12 12,12 13,9 10,7
Melissa Sue Sewell 10,7 8,8 7,11 9,13 11,13 13,11 12,8 10,7
Nathan Westley Sewell 11,7 9,7 7,9 7,11 9,13 11,13 13,11 13,9 11,7
Devin Edward Sewell 10,7 8,8 7,9 7,12 9,13 11,13 13,12 13,9 12,8 10,7
Tara Peterson 11,7 9,7 8,8 7,10 8,12 9,13 11,13 12,12 13,10 12,8 11,7
Anna Madson  4,6 8,9 8,6 4,6
Felicity McDonald 4,6 8,9 8,6 4,6
Mai Ohta 4,6 8,9 8,6 4,6
Seiko Shimamoto 4,6 8,9 8,6 4,6